[[[ 90 126 122]
  [ 90 127 120]
  [ 91 126 120]
  ...
  [157  59  50]
  [157  59  50]
  [157  59  50]]

 [[ 88 124 120]
  [ 88 124 120]
  [ 88 125 118]
  ...
  [153  61  50]
  [153  61  50]
  [153  61  50]]

 [[ 87 126 123]
  [ 87 126 121]
  [ 87 126 121]
  ...
  [143  66  50]
  [143  66  50]
  [143  66  50]]

 ...

 [[ 90 126 116]
  [ 90 126 116]
  [ 90 126 116]
  ...
  [150  61  47]
  [150  61  47]
  [150  61  47]]

 [[ 90 126 116]
  [ 90 126 116]
  [ 90 126 116]
  ...
  [150  61  47]
  [150  61  47]
  [150  61  47]]

 [[ 90 126 116]
  [ 90 126 116]
  [ 90 126 116]
  ...
  [150  61  47]
  [150  61  47]
  [150  61  47]]]